414 742
84 689
113 676
131 673
423 661
181 660
357 659
143 658
269 645
362 643
178 619
114 618
258 616
251 610
245 610
380 606
42 604
198 600
62 597
145 596
128 596
405 595
103 595
283 594
112 594
39 594
158 592
289 590
32 590
291 588
16 588
236 586
162 585
376 584
263 582
19 582
138 580
295 579
227 578
58 576
420 575
91 575
418 574
184 572
308 571
93 571
325 570
442 569
374 569
319 569
448 568
392 568
203 566
190 565
88 565
235 561
121 561
11 561
431 560
6 557
4 557
428 556
296 556
255 556
177 555
63 555
450 552
237 550
110 549
441 548
361 548
67 548
433 547
148 547
73 547
341 546
277 545
396 542
297 541
413 539
226 538
96 538
220 536
99 536
256 535
398 534
378 533
111 528
415 527
174 527
264 525
195 524
129 524
61 524
259 521
217 520
141 520
262 519
447 518
372 518
155 518
363 517
69 517
40 517
89 516
142 515
373 514
144 513
425 512
254 511
271 510
70 510
234 506
419 505
371 503
305 503
172 502
191 501
115 501
272 500
153 500
449 499
199 499
175 499
95 499
46 499
443 498
336 498
286 497
280 497
156 497
90 497
200 496
33 496
12 495
387 493
7 492
389 491
314 484
100 484
78 484
386 483
304 483
28 481
332 479
278 479
56 479
15 479
207 478
1 478
250 477
87 477
79 477
218 476
80 476
65 475
118 474
370 473
180 473
86 473
134 472
307 471
53 471
353 470
23 470
424 469
186 469
171 469
85 469
313 468
219 468
343 463
154 461
231 460
222 460
318 459
94 459
51 459
104 458
5 458
26 456
391 455
44 455
14 455
365 454
189 454
9 454
337 453
281 453
205 453
329 452
2 452
333 451
83 451
31 451
436 447
261 446
303 444
270 444
429 443
359 443
326 443
49 443
194 442
444 440
125 438
445 437
146 437
355 434
187 434
311 432
287 432
215 432
71 432
57 431
276 430
196 430
390 429
132 429
66 429
339 428
109 428
306 426
60 426
101 424
402 423
265 423
22 423
239 421
375 420
302 420
13 420
384 418
243 418
404 417
421 416
338 416
403 413
25 413
282 412
242 412
238 412
223 412
123 411
50 410
30 410
379 409
369 409
321 409
48 409
446 408
366 407
301 407
440 406
408 406
127 406
406 405
159 405
47 405
435 403
266 403
249 402
210 402
107 402
351 399
323 399
342 397
253 397
179 396
168 396
410 394
228 393
139 393
354 390
382 388
315 388
149 387
275 386
34 385
92 384
317 383
183 383
399 380
74 379
388 378
293 377
137 376
98 372
294 368
108 368
383 367
140 367
312 365
122 365
434 363
328 362
124 361
417 358
356 358
257 358
188 355
150 355
10 355
288 354
247 353
407 352
116 352
221 351
117 351
76 351
52 351
68 349
309 348
229 348
136 348
165 347
395 346
268 345
206 345
163 345
135 345
216 344
360 342
350 342
385 338
130 338
75 338
400 337
352 337
204 331
335 330
310 330
409 329
169 326
394 322
347 318
331 313
209 313
166 306
426 298
422 292
24 291
320 286
211 286
334 283
348 281
126 281
133 280
151 274
64 270
8 270
284 269
35 267
37 253
340 250
412 249
346 247
401 245
397 244
367 231
38 210
427 206
164 199
102 181
364 46
