12 752
252 714
364 689
97 677
69 674
226 662
220 657
231 651
257 643
4 637
240 636
76 634
1 634
104 629
316 628
365 626
350 625
24 625
18 625
11 623
381 614
258 604
165 604
259 598
75 598
52 597
35 597
219 595
176 593
182 590
114 589
275 588
200 588
194 587
418 586
341 582
172 580
43 578
127 576
50 576
266 574
10 571
362 568
302 565
218 563
129 562
73 562
57 561
177 560
144 560
101 560
305 559
53 559
411 558
90 557
402 555
185 555
173 554
105 554
168 552
19 552
284 549
319 546
270 544
72 544
80 541
308 539
265 537
84 536
13 536
291 534
272 534
215 533
214 533
157 533
17 533
369 529
300 529
412 528
333 527
246 527
178 525
399 524
68 524
192 522
189 522
6 521
253 518
155 518
317 517
110 517
85 516
171 515
348 514
311 513
15 513
408 512
314 511
224 509
95 508
152 507
125 506
62 506
269 505
77 505
59 505
279 504
174 504
148 504
51 504
403 503
227 503
87 503
150 502
166 500
393 499
56 499
30 499
401 498
310 496
247 494
103 494
347 490
230 490
315 487
223 487
320 486
26 486
386 485
28 483
323 481
222 481
390 480
346 480
179 480
354 479
288 478
195 478
267 477
298 476
123 475
210 473
126 473
115 473
358 472
191 472
334 470
328 469
107 469
40 469
303 467
337 466
204 466
63 465
160 462
345 461
294 461
235 461
404 460
376 460
353 459
232 459
391 458
202 458
100 458
89 458
47 457
193 455
398 454
330 454
99 454
42 453
349 451
405 450
46 450
361 449
339 449
312 448
64 448
27 448
233 447
14 444
249 443
208 443
8 443
92 442
327 441
382 440
234 440
16 439
394 437
203 437
163 435
135 435
134 434
322 433
286 433
228 433
54 433
285 432
190 431
67 431
379 430
205 430
48 429
374 428
70 428
264 427
109 427
96 425
295 424
239 424
140 424
60 424
244 423
373 422
199 422
141 422
108 422
21 421
79 420
325 419
290 419
261 419
242 419
198 418
254 417
304 415
248 415
156 414
363 413
335 413
292 411
263 408
184 408
169 407
145 406
128 406
58 405
167 404
344 403
297 403
378 402
74 402
260 401
289 400
318 399
143 399
133 399
9 398
121 397
340 395
338 394
419 393
342 393
117 393
313 391
142 391
159 390
236 389
153 389
119 389
196 388
113 387
410 386
118 386
116 386
5 385
370 384
213 383
82 383
355 382
65 381
102 380
3 380
20 379
262 377
83 375
31 374
25 373
321 371
22 371
414 370
368 370
149 370
274 364
122 363
241 362
93 359
299 356
367 355
221 354
37 353
136 348
111 347
375 342
271 342
371 341
71 341
385 339
112 339
392 338
396 337
276 337
138 337
161 336
280 335
273 335
88 334
336 333
61 332
306 330
201 327
245 324
216 324
360 322
180 321
278 315
146 314
44 313
137 312
181 309
395 305
23 305
413 304
94 302
416 299
49 297
283 296
383 295
388 290
307 283
331 279
281 276
124 276
380 273
389 268
400 266
187 264
7 262
197 257
139 253
186 233
352 229
255 226
131 218
282 217
154 195
397 184
