331 27
332 4
333 87
334 45
335 18
336 19
337 42
338 64
339 24
340 14
341 73
342 9
343 -1
344 39
345 84
346 53
347 71
348 65
349 28
350 3
351 68
353 34
354 1
355 18
357 55
358 78
359 42
360 21
361 24
362 91
363 83
364 82
365 85
366 -1
367 4
368 11
369 88
370 29
371 49
372 24
373 15
374 49
375 30
376 14
377 52
378 58
381 82
382 82
383 6
385 60
386 51
387 22
389 13
390 79
391 80
392 13
393 95
394 100
395 23
396 42
397 42
398 8
399 26
401 98
402 85
403 76
404 15
405 38
407 99
408 92
409 100
410 25
411 76
412 43
413 98
415 15
416 5
417 12
418 54
419 39
