332 9
333 18
334 51
335 66
336 70
337 82
338 71
339 79
340 78
341 62
342 31
343 30
344 26
345 39
347 36
348 80
350 83
352 14
353 91
354 4
355 1
356 84
357 -1
358 23
359 43
360 12
361 19
362 22
363 87
364 78
365 81
366 82
368 28
369 57
371 69
372 87
373 8
374 47
375 24
376 56
377 89
378 57
379 67
380 53
381 95
382 6
383 99
385 92
386 12
387 11
388 45
389 68
390 54
391 45
392 5
393 3
394 8
395 12
396 38
397 24
399 94
400 100
401 30
403 61
404 63
405 70
406 -1
407 17
408 97
409 87
410 74
411 80
412 39
413 43
414 55
415 17
416 39
417 71
418 45
419 91
