84 83
85 75
86 76
87 73
88 15
89 11
90 36
91 -1
92 95
93 33
94 12
95 95
96 21
97 96
98 21
99 87
100 50
101 85
102 38
103 86
104 50
105 81
106 92
109 74
110 60
111 9
112 45
113 34
114 19
115 68
116 100
117 92
118 70
119 69
120 80
122 61
123 19
124 20
125 97
126 61
127 7
129 30
130 98
131 29
132 19
133 44
134 56
135 28
136 37
137 28
138 88
140 20
141 64
142 97
143 79
144 56
145 12
146 14
147 33
148 22
150 31
151 97
152 38
153 4
154 9
155 23
156 16
157 84
158 89
159 40
160 95
161 22
162 63
163 1
164 -1
165 63
166 37
167 4
