168 95
169 54
170 27
171 16
172 8
173 62
174 45
175 19
176 47
177 97
178 65
179 30
181 52
182 89
183 29
184 33
185 73
186 83
187 2
188 74
190 37
191 37
192 40
193 44
194 99
195 14
196 29
198 8
200 13
201 1
202 89
203 28
204 24
205 74
206 87
207 67
208 7
209 -1
210 6
211 70
212 22
213 10
214 90
215 65
216 38
217 76
218 94
219 100
220 93
222 27
223 34
224 40
225 18
226 15
227 23
228 52
229 72
230 92
231 69
232 16
233 37
234 67
236 8
237 26
238 29
239 17
240 97
241 33
242 23
243 39
244 41
246 40
247 12
248 8
249 3
250 90
