84 65
85 67
86 85
87 53
89 21
90 91
91 89
92 13
93 92
94 17
95 5
96 72
97 82
98 -1
99 3
101 34
102 12
103 47
104 90
105 74
106 71
107 86
108 38
109 89
110 72
111 60
112 82
113 2
114 93
115 38
117 95
119 41
120 82
121 53
122 64
123 45
124 47
125 91
126 28
127 76
128 67
129 55
130 43
132 16
133 48
134 15
135 59
136 25
137 34
139 75
140 29
141 23
142 58
143 67
144 42
145 39
146 25
147 84
148 73
149 43
150 92
151 19
152 49
153 46
155 80
156 65
157 56
158 80
160 96
161 87
162 58
163 58
164 4
165 93
166 41
167 56
