331 11
333 23
334 66
335 45
336 63
337 65
338 26
339 87
340 75
342 68
343 56
344 73
345 87
346 14
347 50
349 87
350 25
351 99
352 27
353 91
354 75
355 20
356 30
357 77
358 56
359 62
360 42
361 51
362 64
363 97
364 36
365 100
366 1
367 16
368 32
369 93
370 19
372 99
373 14
374 24
375 7
376 10
377 46
378 58
379 77
380 9
381 82
382 5
383 44
384 30
385 52
386 77
387 3
388 44
390 48
391 60
392 80
394 5
395 34
396 38
397 14
398 16
399 59
400 27
402 65
403 97
404 47
405 33
406 26
407 36
408 22
409 32
410 24
411 78
412 52
413 30
415 30
416 13
417 84
418 66
419 78
