168 19
169 100
170 82
171 95
172 56
173 54
174 55
175 69
176 57
177 60
178 47
179 73
181 54
183 65
184 70
185 25
186 45
187 2
188 61
189 59
190 32
191 22
192 24
193 7
194 85
195 11
196 1
197 1
198 36
199 43
200 33
201 30
202 32
203 50
204 82
205 23
206 16
207 94
208 69
209 56
210 92
211 57
212 72
213 46
214 96
215 90
216 6
217 87
218 86
219 65
220 81
221 65
222 43
223 38
224 3
225 -1
226 92
227 49
228 87
230 93
231 30
232 47
233 78
234 5
235 27
236 29
237 32
238 5
239 88
240 53
241 5
242 85
243 3
244 30
245 64
246 99
247 77
248 55
249 19
250 6
