251 94
252 74
253 84
254 9
255 22
256 -1
257 66
258 70
259 94
260 90
261 9
262 2
263 27
264 10
265 70
266 91
267 84
268 76
269 50
270 99
271 91
272 66
273 79
274 58
275 23
276 69
277 38
278 54
279 33
280 15
282 2
283 1
284 75
286 75
287 44
288 33
289 38
290 71
291 85
292 69
293 85
294 9
295 57
296 57
297 22
298 22
299 89
300 79
301 36
302 100
303 17
304 87
305 30
306 34
307 3
308 82
309 3
310 22
311 98
312 84
313 27
314 91
315 20
316 10
317 40
319 33
320 57
321 6
322 43
323 32
324 37
325 28
326 100
327 58
328 66
329 8
330 99
