331 17
332 -1
333 59
334 6
335 10
337 25
338 58
339 24
340 89
341 100
342 29
343 42
344 93
345 77
347 4
348 100
349 27
350 71
351 47
352 21
353 11
354 5
355 40
356 73
358 14
360 36
361 58
362 4
363 24
364 86
365 90
366 29
368 68
369 81
370 74
371 79
372 37
373 89
374 14
376 100
377 80
378 33
380 41
381 66
382 45
383 33
385 32
386 94
387 93
389 2
393 68
394 64
395 97
396 21
397 7
398 91
401 10
402 72
403 74
404 93
405 57
406 -1
408 25
409 84
410 26
411 78
412 46
413 14
414 9
416 62
417 62
419 28
