84 78
85 73
86 93
87 41
88 32
89 93
90 87
91 80
92 22
93 19
94 53
95 20
96 19
97 84
98 50
99 20
101 75
102 84
103 40
104 63
105 14
106 38
107 53
108 61
109 51
110 34
111 4
112 5
113 79
114 72
115 69
116 85
117 20
118 89
119 8
120 95
121 38
123 83
124 1
125 32
126 77
127 59
128 46
129 92
130 89
132 99
133 59
135 59
136 42
137 19
138 29
139 74
140 66
143 25
144 48
145 6
146 64
147 58
148 76
149 4
150 30
151 95
152 100
153 77
154 10
155 93
156 42
157 4
159 95
160 12
161 54
162 43
164 34
165 95
166 87
167 80
