332 51
333 17
334 76
335 44
336 55
337 83
338 6
340 22
342 11
343 13
344 30
346 54
347 46
349 92
350 54
351 3
353 48
354 67
355 55
356 57
357 11
358 8
359 55
360 20
361 88
362 29
363 5
364 85
365 79
366 72
367 17
368 61
369 12
370 54
371 1
372 -1
373 82
374 86
375 70
376 1
377 72
378 40
379 100
380 11
381 64
383 32
384 51
386 25
387 25
388 48
389 87
390 86
391 96
392 11
393 75
394 93
395 73
396 2
397 3
399 65
400 5
401 67
402 50
403 64
404 14
405 29
406 100
407 47
408 66
410 7
411 96
412 53
414 69
415 -1
416 27
417 69
418 81
419 47
