251 86
252 66
253 54
254 72
255 9
256 47
257 85
258 93
259 24
260 25
262 32
263 66
264 65
265 7
266 58
267 67
268 62
269 87
270 86
271 23
272 44
273 35
274 80
275 96
276 24
278 42
279 58
280 65
281 39
282 19
283 34
284 62
285 6
286 8
287 68
288 46
289 85
290 10
291 73
292 6
293 87
294 2
295 96
296 37
297 53
298 68
299 45
300 36
301 72
302 1
303 47
304 16
306 88
307 34
309 76
310 73
311 60
312 32
313 32
314 30
315 97
316 76
317 98
318 69
319 98
320 86
321 48
322 61
323 89
324 16
325 66
326 66
327 53
328 25
329 44
330 20
