85 7
86 35
88 10
89 52
90 71
91 65
92 65
93 4
94 33
95 68
96 5
97 93
98 76
99 1
100 74
101 60
102 51
103 3
104 32
105 62
106 99
107 22
108 91
109 81
110 80
111 37
113 67
114 28
115 72
116 36
117 4
118 16
119 4
120 43
122 37
123 18
124 77
125 35
126 71
127 52
128 11
129 93
130 54
131 53
132 15
133 39
134 29
135 46
136 38
138 56
140 51
142 51
143 6
144 92
145 89
146 24
147 59
149 51
150 9
151 59
152 62
153 69
154 42
155 54
156 45
157 34
158 60
159 51
161 75
162 32
163 80
164 20
165 47
166 70
167 29
