84 97
85 67
86 39
87 19
88 9
90 16
91 29
92 83
94 86
95 82
96 100
97 90
98 8
99 16
101 77
102 57
103 40
104 9
105 66
106 73
107 62
108 32
109 57
110 70
111 52
112 24
113 31
114 95
115 92
117 82
118 38
119 21
120 -1
121 46
122 68
123 94
124 18
126 92
127 94
128 68
129 55
130 73
131 47
132 43
134 51
135 68
136 17
137 25
138 42
139 92
140 32
141 91
142 14
143 53
144 87
145 1
146 74
147 -1
148 78
149 19
150 63
152 8
153 6
155 74
156 40
157 78
158 31
159 9
160 27
161 41
162 34
163 70
164 71
165 24
166 15
