331 26
333 29
334 24
335 21
336 24
337 21
338 52
339 19
341 99
342 25
343 53
345 24
346 96
347 71
348 92
349 95
350 65
351 90
352 39
354 13
355 43
356 -1
357 20
358 11
359 37
360 55
361 80
362 66
363 98
364 58
365 70
366 65
367 93
368 20
370 18
371 28
373 73
374 22
376 92
377 -1
378 65
379 9
380 29
381 87
382 83
383 3
384 -1
385 25
386 99
387 77
388 29
389 45
390 54
391 82
392 68
393 2
394 57
397 1
398 30
399 58
400 3
401 56
402 89
403 8
404 61
405 17
407 5
408 24
409 94
410 48
411 15
412 59
413 69
414 60
415 77
416 72
417 69
418 67
