251 -1
252 88
253 37
254 60
255 9
256 94
257 56
258 97
259 93
260 29
261 35
262 18
263 41
264 98
265 5
266 34
267 8
268 99
269 3
270 74
271 37
272 82
273 14
274 56
275 6
276 30
277 94
279 91
280 68
281 25
282 16
283 76
284 25
285 23
286 77
287 12
288 7
289 1
291 87
292 94
293 21
294 2
295 4
296 7
297 99
298 9
299 25
300 31
301 57
302 58
303 27
304 71
305 91
306 33
307 3
308 36
309 76
310 68
311 60
312 71
313 15
314 30
315 70
316 100
317 38
318 79
319 70
320 26
322 63
325 92
326 -1
327 72
328 23
329 60
330 39
