168 81
169 24
170 50
171 3
172 72
173 58
174 39
175 -1
176 56
177 74
178 80
179 60
181 17
182 74
183 85
184 74
185 71
186 9
187 40
188 -1
189 45
190 60
191 65
192 33
194 20
196 22
197 31
198 19
199 72
200 68
201 28
202 44
203 77
205 78
206 87
207 54
208 38
209 90
210 88
211 10
212 16
213 92
214 23
215 47
217 1
219 99
220 89
221 28
223 76
224 88
225 29
226 55
227 12
228 12
229 48
230 14
231 95
233 38
234 93
235 39
236 60
237 28
238 68
240 50
241 16
242 10
243 47
244 19
245 16
246 22
247 25
248 96
249 41
250 69
