168 58
169 74
171 81
172 96
173 94
174 61
175 9
176 67
177 3
178 73
179 45
180 29
181 28
182 54
184 28
185 37
186 70
187 15
188 93
189 21
190 81
191 93
192 85
194 73
195 42
196 86
197 1
198 65
199 94
200 97
201 96
202 44
203 26
204 64
205 29
206 34
207 8
208 97
210 3
211 38
212 95
214 33
215 96
216 76
217 9
218 69
219 65
220 46
221 80
222 51
223 99
224 60
225 5
226 41
227 62
228 20
229 40
230 19
231 49
232 68
233 81
235 72
236 40
237 83
238 38
239 10
240 97
241 82
242 45
243 11
244 26
245 49
246 79
247 50
248 82
249 85
250 79
