331 75
332 44
333 95
334 45
336 64
337 3
339 10
341 85
342 23
343 89
344 97
345 26
346 27
347 90
348 44
349 21
350 93
351 53
352 79
353 74
354 89
355 62
356 6
357 53
358 28
359 65
360 11
361 3
362 97
364 63
366 63
367 68
368 72
369 100
370 64
372 58
373 50
374 57
375 71
376 37
377 32
378 35
379 34
380 26
381 83
382 98
383 22
384 34
385 7
386 33
387 69
388 76
389 2
390 32
392 57
393 15
396 25
397 57
398 85
399 69
400 7
401 74
402 82
404 88
405 43
406 31
407 25
408 3
409 49
410 22
412 82
413 15
414 5
415 61
417 36
418 60
419 15
