168 32
169 68
170 54
171 28
172 47
173 4
174 24
175 72
176 87
177 82
178 65
179 40
180 80
181 62
182 45
183 70
184 9
185 89
187 33
188 81
189 61
190 60
191 12
192 95
193 25
194 57
195 65
197 59
199 35
200 47
201 6
202 69
203 63
204 87
206 70
207 31
208 41
209 95
210 74
211 -1
214 23
215 37
216 24
217 71
218 34
219 41
220 61
221 39
222 40
223 17
224 48
225 28
226 100
227 74
228 69
229 94
230 12
231 24
232 9
234 36
235 84
236 69
237 29
238 11
239 27
240 35
241 3
242 61
243 63
244 28
245 41
246 32
247 75
248 43
249 31
250 13
