84 47
85 15
86 53
87 31
88 91
89 87
90 88
91 26
92 61
93 43
94 25
95 70
96 84
97 25
98 89
99 71
100 33
101 83
102 72
103 48
104 92
105 22
106 54
107 27
110 27
111 59
112 93
113 65
114 64
115 8
116 29
117 34
118 60
119 12
120 96
121 32
123 29
124 20
125 68
126 2
127 39
128 14
129 57
130 -1
132 75
133 57
134 32
135 23
136 78
137 91
138 33
139 8
140 94
141 44
142 90
143 19
144 96
145 31
146 14
147 56
148 69
149 80
150 15
151 -1
152 98
153 39
154 9
155 4
156 86
157 99
158 -1
160 75
161 54
163 19
164 95
165 6
166 61
167 38
