168 92
169 4
170 36
171 48
172 58
173 94
174 76
175 2
176 94
177 67
178 58
179 51
180 34
182 74
183 44
184 45
185 95
187 100
188 66
189 75
190 25
191 10
192 36
193 68
194 44
195 88
196 65
198 52
200 77
201 53
202 62
203 49
204 16
205 60
206 99
207 63
208 33
209 90
210 82
211 32
212 51
213 96
214 91
215 80
216 11
217 26
218 2
219 82
220 48
221 75
223 2
224 95
226 37
227 99
229 6
230 4
231 55
232 82
233 41
234 94
235 41
236 44
237 68
238 -1
239 55
240 60
241 16
242 22
243 55
244 95
245 41
246 81
247 76
248 43
249 56
250 90
