168 28
169 27
170 52
171 67
172 59
173 60
174 94
175 95
176 32
177 70
178 74
179 20
180 14
181 1
182 97
183 22
184 35
186 3
187 19
188 95
189 98
191 21
192 73
193 69
194 43
195 77
196 80
197 26
198 89
199 42
200 46
201 18
203 21
204 98
205 47
206 -1
207 96
208 45
211 48
212 -1
213 78
214 75
215 45
218 100
219 61
220 46
221 47
222 81
223 82
224 11
225 86
226 82
227 68
228 38
229 16
230 39
231 79
232 24
233 69
234 57
235 59
236 3
237 -1
238 21
239 58
240 73
241 63
242 41
243 -1
244 94
245 66
246 1
249 4
250 10
