84 4
85 8
86 27
87 72
88 27
89 77
90 79
91 27
92 5
93 59
94 9
95 31
96 52
97 93
99 94
100 87
101 10
103 59
104 69
105 29
106 59
107 63
108 55
109 35
110 36
111 65
112 4
113 43
114 1
115 47
116 22
118 43
119 78
120 87
121 94
122 29
123 67
124 67
125 87
126 36
127 96
128 17
129 93
130 7
131 4
132 18
133 35
134 94
135 5
137 3
138 5
139 2
140 28
141 40
143 27
145 53
147 61
148 53
149 41
150 49
151 49
152 55
153 64
154 43
155 55
156 65
157 78
158 5
159 76
160 61
162 91
163 20
164 94
165 49
166 88
167 30
