168 61
169 28
170 72
171 63
172 73
173 69
174 4
175 70
176 61
178 41
179 47
180 73
181 54
182 81
183 -1
184 42
185 67
186 17
187 40
188 42
189 82
191 57
193 68
194 69
195 10
196 28
197 44
198 83
199 24
200 57
201 37
202 41
203 98
204 39
205 27
206 61
207 67
208 11
209 21
211 94
212 32
213 30
215 45
216 71
217 31
218 50
219 12
220 32
222 97
223 81
224 62
225 9
226 92
227 18
228 68
229 -1
230 91
231 93
232 97
233 45
234 25
235 87
236 47
237 90
238 59
239 27
240 61
241 59
242 43
243 46
244 82
246 78
247 96
248 14
249 90
250 67
