331 81
332 78
333 27
335 86
337 36
339 93
340 78
341 19
342 47
343 58
344 26
345 78
346 63
347 57
348 3
349 46
350 80
351 -1
352 21
353 19
354 76
355 53
356 30
357 92
358 100
359 2
360 100
361 79
362 72
364 21
365 90
366 41
367 91
369 6
370 59
371 10
372 40
373 11
374 61
375 64
376 51
377 88
379 79
380 12
382 14
383 6
385 17
387 -1
388 26
390 34
391 71
393 74
394 36
395 33
396 85
397 1
398 53
399 31
400 74
401 78
402 13
404 22
405 59
407 -1
408 59
409 96
410 75
411 47
412 51
413 1
414 58
415 40
416 10
417 12
418 99
419 38
