84 96
85 70
86 30
87 100
88 67
89 59
91 25
92 48
93 62
94 19
95 41
96 17
97 97
98 6
99 97
100 76
101 54
102 26
103 73
104 77
105 27
106 -1
107 71
108 19
109 25
110 21
111 48
112 1
113 26
114 51
118 52
119 48
120 44
121 59
122 51
123 70
125 9
126 56
128 65
129 16
130 15
131 11
132 69
134 90
135 94
136 54
137 9
138 24
139 2
140 63
141 27
142 70
143 11
144 2
145 43
147 8
148 12
149 53
150 97
151 44
152 63
153 4
154 5
155 95
156 30
157 18
158 66
159 38
160 62
162 -1
163 67
164 1
165 98
166 47
167 91
