84 66
85 49
86 24
87 86
88 45
89 56
90 1
91 90
92 50
93 43
94 25
95 10
96 55
97 17
98 100
100 100
101 2
102 30
103 87
104 80
105 90
106 48
107 81
108 100
109 15
110 85
111 8
112 19
113 32
114 87
115 18
116 59
117 54
118 18
119 81
120 7
121 39
122 53
124 25
125 72
126 7
127 90
128 57
129 71
130 3
131 19
132 43
133 85
134 62
135 25
136 57
137 48
138 45
140 41
141 72
143 47
144 83
145 44
146 20
147 77
148 76
149 20
150 78
152 33
154 47
155 30
156 25
157 45
158 73
159 48
160 20
162 71
163 56
164 30
165 43
166 7
167 9
