331 42
332 15
333 94
334 90
335 81
336 19
337 40
338 87
339 21
340 28
341 66
342 79
343 21
344 15
346 76
347 25
348 38
350 82
351 9
352 26
353 4
354 76
355 90
356 31
357 10
358 90
359 -1
361 47
362 97
363 19
364 89
367 49
369 51
370 28
371 90
372 37
373 26
374 1
375 42
376 98
377 59
378 56
379 4
380 82
382 42
383 24
384 54
385 54
386 94
387 95
388 22
389 51
390 81
392 19
393 76
394 18
396 9
397 3
398 97
399 70
400 20
401 1
402 39
403 27
404 50
405 85
406 37
407 94
408 58
409 35
410 32
411 6
412 85
413 34
414 58
415 52
416 47
417 39
418 29
