332 2
333 78
334 67
335 42
336 19
337 69
338 30
339 92
340 11
341 78
342 71
343 62
344 4
345 46
346 97
347 40
348 92
349 55
350 69
351 71
352 2
353 87
354 73
356 25
357 10
358 64
359 99
360 25
362 26
364 91
365 31
366 92
367 17
368 78
369 41
370 39
371 15
372 76
373 54
374 67
375 34
376 1
377 22
379 60
380 10
381 55
382 65
383 26
387 43
390 12
391 24
392 85
393 91
394 56
395 33
396 77
397 32
398 74
399 52
400 30
401 84
402 60
403 96
404 7
405 19
406 33
407 73
408 66
409 -1
410 53
411 82
412 18
414 56
415 87
416 24
417 -1
418 85
419 57
