251 6
252 73
253 46
254 60
255 67
256 52
257 75
258 57
259 75
260 73
261 92
262 22
263 9
264 69
265 53
266 98
267 75
268 65
269 79
270 1
271 22
272 23
273 21
274 3
275 93
276 59
277 38
278 89
279 85
280 30
282 8
283 37
284 75
285 32
286 94
287 -1
289 43
290 45
291 25
293 7
294 31
295 77
296 55
297 28
298 81
299 47
300 83
302 81
303 90
304 1
305 92
307 11
308 90
309 70
310 16
311 51
312 62
313 33
314 69
315 73
316 34
317 77
318 34
319 2
320 87
321 83
323 56
324 50
325 41
326 60
327 86
328 23
329 -1
330 87
